0 6979.4772897848
1 7668.3944985708
2 7120.8346033602
3 5722.6801838484
4 4059.4838216955
5 2582.5944276709
6 1492.6775545578
7 792.1626274651
8 389.4480388647
9 178.6994148709
10 77.0219979147
11 31.3563121057
12 12.1156145151
13 4.4618311729
14 1.5719992643
15 0.5316282141
16 0.1730901997
17 0.0544010107
18 0.0165447202
19 0.0048795428
20 0.0013983921
21 0.0003901177
22 0.0001061203
23 0.0000281902
24 0.0000073232
25 0.0000018628
26 0.0000004645
27 0.0000001137
28 0.0000000273
29 0.0000000065
30 0.0000000015
