0.000000 1.000000000000 0.001000000000
0.007500 1.007492740649 0.000930427905
0.015000 1.014985916992 0.000870570111
0.022500 1.022479467098 0.000819150184
0.030000 1.029973336960 0.000775122510
0.037500 1.037466754526 0.000720601429
0.045000 1.044960943211 0.000684335089
0.052500 1.052455438340 0.000652247872
0.060000 1.059950130659 0.000625285095
0.067500 1.067445033136 0.000603186703
0.075000 1.074940105356 0.000585439163
0.082500 1.082435311308 0.000571640775
0.090000 1.089930619224 0.000561483137
0.097500 1.097425999675 0.000554733162
0.105000 1.104921424931 0.000551224156
0.112500 1.112416868440 0.000550849399
0.120000 1.119912304348 0.000553557650
0.127500 1.127407707047 0.000559350371
0.135000 1.134903050734 0.000568280530
0.142500 1.142398308986 0.000580452856
0.150000 1.149893454322 0.000596025533
0.157500 1.157388457742 0.000615213337
0.165000 1.164883288242 0.000638292298
0.172500 1.172377912282 0.000665606010
0.180000 1.179872293189 0.000697573795
0.187500 1.187366390492 0.000734700958
0.195000 1.194860159160 0.000777591500
0.202500 1.202353548720 0.000826963693
0.210000 1.209846502239 0.000883669070
0.217500 1.217338955124 0.000948715503
0.225000 1.224830833721 0.001023295194
0.232500 1.232322053653 0.001108818632
0.240000 1.239812517844 0.001206955776
0.247500 1.247302114177 0.001319686077
0.255000 1.254790712685 0.001449359290
0.262500 1.262278162189 0.001598769548
0.270000 1.269764286257 0.001771245726
0.277500 1.277248878332 0.001970761912
0.285000 1.284731695849 0.002202072724
0.292500 1.292212453097 0.002470879425
0.300000 1.299690812565 0.002784034290
0.307500 1.307166374392 0.003149792593
0.315000 1.314638663493 0.003578124046
0.322500 1.322107113807 0.004081098592
0.330000 1.329571048975 0.004673365477
0.337500 1.337029658574 0.005372749557
0.345000 1.344481968825 0.006200995410
0.352500 1.351926806389 0.007184698181
0.360000 1.359362753512 0.008356471054
0.367500 1.366788092310 0.009756413339
0.375000 1.374200735398 0.011433961589
0.382500 1.381598139266 0.013450230215
0.390000 1.388977195871 0.015880979609
0.397500 1.396334096564 0.018820391401
0.405000 1.403664160861 0.022385885584
0.412500 1.410961620368 0.026724287666
0.420000 1.418219345352 0.032019752421
0.427500 1.425428497721 0.038503983682
0.435000 1.432578089285 0.046469470299
0.442500 1.439654417682 0.056286706322
0.450000 1.446640343726 0.068426706823
0.457500 1.453514362364 0.083490611424
0.465000 1.460249403919 0.102248848222
0.472500 1.466811281134 0.125693306801
0.480000 1.473156668740 0.155107387729
0.487500 1.479230462481 0.192160888067
0.495000 1.484962309152 0.239039814318
0.502500 1.490262021322 0.298625975995
0.510000 1.495013479671 0.374748566735
0.517500 1.499066466388 0.472541473184
0.525000 1.502225641071 0.598958410290
0.532500 1.504235528674 0.763527606103
0.540000 1.504759880507 0.979476130645
0.547500 1.503353006647 1.265433647528
0.555000 1.499419530343 1.648057190861
0.562500 1.492157294503 2.166135957490
0.570000 1.480475614953 2.877088040545
0.577500 1.462877496488 3.867312699424
0.585000 1.437289867620 5.268655040600
0.592500 1.400821583734 7.284170889899
0.600000 1.349429805912 10.226831355452
0.607500 1.277496475936 14.572775915375
0.615000 1.177398546197 21.021132561006
0.622500 1.039394714227 30.524693420785
0.630000 0.852738328274 44.192045063291
0.637500 0.610107914511 62.842573649654
0.645000 0.319042470086 85.843908743430
0.652500 0.023449301025 108.934936791132
0.660000 -0.174696321777 122.036199832739
0.667500 -0.146352886581 112.344314947193
0.675000 0.094283225189 81.371472322371
0.682500 0.241522359338 59.802350074214
0.690000 0.132126886298 64.184022815116
0.697500 0.004800652134 70.714815123695
0.705000 -0.044707393823 69.266537542069
0.712500 -0.021152283564 60.396287899334
0.720000 0.021511495564 49.655847999711
0.727500 0.036408485237 41.852099101627
0.735000 0.029869442725 36.433370400745
0.742500 0.024115372466 31.146944659572
0.750000 0.024257053426 25.441099386107
0.757500 0.026904321648 19.713183382107
0.765000 0.030044288801 14.273251440025
0.772500 0.033683591970 9.250434100157
0.780000 0.038106398644 4.792500637458
0.787500 0.043438028828 1.162255299205
0.795000 0.049765876382 0.000000000001
0.802500 0.057195763735 0.000000000001
0.810000 0.064837755833 0.307933480757
0.817500 0.072362712977 0.346513752732
0.825000 0.079663202732 0.032561849557
0.832500 0.086932672852 0.000000000001
0.840000 0.094473202468 0.058279232660
0.847500 0.101987380323 0.074869537302
0.855000 0.109433263897 0.016804825415
0.862500 0.116862759455 0.000000000001
0.870000 0.124362971479 0.001631651341
0.877500 0.131868397332 0.006503652187
0.885000 0.139367123137 0.005449824674
0.892500 0.146858726946 0.000000000001
0.900000 0.154352356996 0.000000000001
0.907500 0.161854493164 0.001471504351
0.915000 0.169354790876 0.001644035230
0.922500 0.176852385071 0.000239339117
0.930000 0.184349888541 0.000000000001
0.937500 0.191850182198 0.000174771938
0.945000 0.199350343157 0.000256750508
0.952500 0.206850019446 0.000102139805
0.960000 0.214349548351 0.000000000001
0.967500 0.221849448016 0.000000000001
0.975000 0.229349507438 0.000025657036
0.982500 0.236849514793 0.000028449315
0.990000 0.244349455177 0.000005690221
0.997500 0.251849395555 0.000000000001
1.005000 0.259349398429 0.000001276770
1.012500 0.266849402754 0.000002780294
1.020000 0.274349399853 0.000001828821
1.027500 0.281849392833 0.000000000001
1.035000 0.289349389118 0.000000000001
1.042500 0.296849390529 0.000000424678
1.050000 0.304349390687 0.000000467313
1.057500 0.311849389407 0.000000119416
1.065000 0.319349388163 0.000000000001
1.072500 0.326849388133 0.000000000001
1.080000 0.334349388238 0.000000026471
1.087500 0.341849388249 0.000000029003
1.095000 0.349349388159 0.000000008318
1.102500 0.356849388073 0.000000000001
1.110000 0.364349388067 0.000000000001
1.117500 0.371849388075 0.000000001756
1.125000 0.379349388076 0.000000001916
1.132500 0.386849388069 0.000000000610
1.140000 0.394349388063 0.000000000001
1.147500 0.401849388062 0.000000000001
1.155000 0.409349388063 0.000000000123
1.162500 0.416849388063 0.000000000133
1.170000 0.424349388062 0.000000000046
1.177500 0.431849388062 0.000000000001
1.185000 0.439349388062 0.000000000001
1.192500 0.446849388062 0.000000000009
1.200000 0.454349388062 0.000000000009
1.207500 0.461849388062 0.000000000003
1.215000 0.469349388062 0.000000000001
1.222500 0.476849388062 0.000000000001
1.230000 0.484349388062 0.000000000001
1.237500 0.491849388062 0.000000000001
1.245000 0.499349388062 0.000000000001
1.252500 0.506849388062 0.000000000001
1.260000 0.514349388062 0.000000000001
1.267500 0.521849388062 0.000000000001
1.275000 0.529349388062 0.000000000001
1.282500 0.536849388062 0.000000000001
1.290000 0.544349388062 0.000000000001
1.297500 0.551849388062 0.000000000001
1.305000 0.559349388062 0.000000000001
1.312500 0.566849388062 0.000000000001
1.320000 0.574349388062 0.000000000001
1.327500 0.581849388062 0.000000000001
1.335000 0.589349388062 0.000000000001
1.342500 0.596849388062 0.000000000001
1.350000 0.604349388062 0.000000000001
1.357500 0.611849388062 0.000000000001
1.365000 0.619349388062 0.000000000001
1.372500 0.626849388062 0.000000000001
1.380000 0.634349388062 0.000000000001
1.387500 0.641849388062 0.000000000001
1.395000 0.649349388062 0.000000000001
1.402500 0.656849388062 0.000000000001
1.410000 0.664349388062 0.000000000001
1.417500 0.671849388062 0.000000000001
1.425000 0.679349388062 0.000000000001
1.432500 0.686849388062 0.000000000001
1.440000 0.694349388062 0.000000000001
1.447500 0.701849388062 0.000000000001
1.455000 0.709349388062 0.000000000001
1.462500 0.716849388062 0.000000000001
1.470000 0.724349388062 0.000000000001
1.477500 0.731849388062 0.000000000001
1.485000 0.739349388062 0.000000000001
1.492500 0.746849388062 0.000000000001
1.500000 0.754349388062 0.000000000001
1.507500 0.761849388062 0.000000000001
1.515000 0.769349388062 0.000000000001
1.522500 0.776849388062 0.000000000001
1.530000 0.784349388062 0.000000000001
1.537500 0.791849388062 0.000000000001
1.545000 0.799349388062 0.000000000001
1.552500 0.806849388062 0.000000000001
1.560000 0.814349388062 0.000000000001
1.567500 0.821849388062 0.000000000001
1.575000 0.829349388062 0.000000000001
1.582500 0.836849388062 0.000000000001
1.590000 0.844349388062 0.000000000001
1.597500 0.851849388062 0.000000000001
1.605000 0.859349388062 0.000000000001
1.612500 0.866849388062 0.000000000001
1.620000 0.874349388062 0.000000000001
1.627500 0.881849388062 0.000000000001
1.635000 0.889349388062 0.000000000001
1.642500 0.896849388062 0.000000000001
1.650000 0.904349388062 0.000000000001
1.657500 0.911849388062 0.000000000001
1.665000 0.919349388062 0.000000000001
1.672500 0.926849388062 0.000000000001
1.680000 0.934349388062 0.000000000001
1.687500 0.941849388062 0.000000000001
1.695000 0.949349388062 0.000000000001
1.702500 0.956849388062 0.000000000001
1.710000 0.964349388062 0.000000000001
1.717500 0.971849388062 0.000000000001
1.725000 0.979349388062 0.000000000001
1.732500 0.986849388062 0.000000000001
1.740000 0.994349388062 0.000000000001
1.747500 1.001849388062 0.000000000001
1.755000 1.009349388062 0.000000000001
1.762500 1.016849388062 0.000000000001
1.770000 1.024349388061 0.000000000001
1.777500 1.031849388061 0.000000000001
1.785000 1.039349388061 0.000000000001
1.792500 1.046849388061 0.000000000001
1.800000 1.054349388061 0.000000000001
1.807500 1.061849388061 0.000000000001
1.815000 1.069349388061 0.000000000001
1.822500 1.076849388061 0.000000000001
1.830000 1.084349388061 0.000000000001
1.837500 1.091849388061 0.000000000001
1.845000 1.099349388061 0.000000000001
1.852500 1.106849388061 0.000000000001
1.860000 1.114349388061 0.000000000001
1.867500 1.121849388061 0.000000000001
1.875000 1.129349388061 0.000000000001
1.882500 1.136849388061 0.000000000001
1.890000 1.144349388061 0.000000000001
1.897500 1.151849388061 0.000000000001
1.905000 1.159349388061 0.000000000001
1.912500 1.166849388061 0.000000000001
1.920000 1.174349388061 0.000000000001
1.927500 1.181849388061 0.000000000001
1.935000 1.189349388061 0.000000000001
1.942500 1.196849388061 0.000000000001
1.950000 1.204349388061 0.000000000002
1.957500 1.211849388061 0.000000000002
1.965000 1.219349388061 0.000000000002
1.972500 1.226849388061 0.000000000002
1.980000 1.234349388061 0.000000000002
1.987500 1.241849388061 0.000000000002
1.995000 1.249349388061 0.000000000002
2.002500 1.256849388061 0.000000000003
2.010000 1.264349388061 0.000000000003
2.017500 1.271849388061 0.000000000003
2.025000 1.279349388061 0.000000000004
2.032500 1.286849388061 0.000000000004
2.040000 1.294349388061 0.000000000005
2.047500 1.301849388061 0.000000000005
2.055000 1.309349388061 0.000000000006
2.062500 1.316849388061 0.000000000007
2.070000 1.324349388061 0.000000000008
2.077500 1.331849388061 0.000000000009
2.085000 1.339349388061 0.000000000010
2.092500 1.346849388061 0.000000000012
2.100000 1.354349388060 0.000000000014
2.107500 1.361849388060 0.000000000016
2.115000 1.369349388060 0.000000000018
2.122500 1.376849388060 0.000000000022
2.130000 1.384349388060 0.000000000025
2.137500 1.391849388060 0.000000000030
2.145000 1.399349388059 0.000000000036
2.152500 1.406849388059 0.000000000042
2.160000 1.414349388059 0.000000000051
2.167500 1.421849388058 0.000000000061
2.175000 1.429349388058 0.000000000073
2.182500 1.436849388057 0.000000000088
2.190000 1.444349388056 0.000000000107
2.197500 1.451849388055 0.000000000130
2.205000 1.459349388054 0.000000000158
2.212500 1.466849388053 0.000000000193
2.220000 1.474349388051 0.000000000237
2.227500 1.481849388049 0.000000000292
2.235000 1.489349388046 0.000000000361
2.242500 1.496849388043 0.000000000448
2.250000 1.504349388038 0.000000000557
2.257500 1.511849388033 0.000000000694
2.265000 1.519349388027 0.000000000869
2.272500 1.526849388019 0.000000001091
2.280000 1.534349388008 0.000000001373
2.287500 1.541849387995 0.000000001735
2.295000 1.549349387979 0.000000002198
2.302500 1.556849387958 0.000000002793
2.310000 1.564349387932 0.000000003559
2.317500 1.571849387898 0.000000004550
2.325000 1.579349387855 0.000000005834
2.332500 1.586849387799 0.000000007502
2.340000 1.594349387728 0.000000009675
2.347500 1.601849387635 0.000000012514
2.355000 1.609349387516 0.000000016232
2.362500 1.616849387360 0.000000021115
2.370000 1.624349387157 0.000000027544
2.377500 1.631849386892 0.000000036032
2.385000 1.639349386544 0.000000047266
2.392500 1.646849386087 0.000000062175
2.400000 1.654349385484 0.000000082012
2.407500 1.661849384688 0.000000108472
2.415000 1.669349383632 0.000000143858
2.422500 1.676849382230 0.000000191300
2.430000 1.684349380361 0.000000255069
2.437500 1.691849377864 0.000000340996
2.445000 1.699349374520 0.000000457070
2.452500 1.706849370029 0.000000614259
2.460000 1.714349363981 0.000000827651
2.467500 1.721849355817 0.000001118053
2.475000 1.729349344766 0.000001514220
2.482500 1.736849329771 0.000002055987
2.490000 1.744349309371 0.000002798652
2.497500 1.751849281549 0.000003819155
2.505000 1.759349243509 0.000005224787
2.512500 1.766849191370 0.000007165488
2.520000 1.774349119728 0.000009851262
2.527500 1.781849021045 0.000013576882
2.535000 1.789348884785 0.000018757009
2.542500 1.796848696180 0.000025976212
2.550000 1.804348434494 0.000036060371
2.557500 1.811848070538 0.000050178794
2.565000 1.819347563138 0.000069990570
2.572500 1.826846854086 0.000097854730
2.580000 1.834345860909 0.000137132659
2.587500 1.841844466503 0.000192624116
2.595000 1.849342504229 0.000271197153
2.602500 1.856839736444 0.000382699984
2.610000 1.864335823524 0.000541283647
2.617500 1.871830279056 0.000767324364
2.625000 1.879322404912 0.001090223130
2.632500 1.886811196974 0.001552491074
2.640000 1.894295207959 0.002215723365
2.647500 1.901772347438 0.003169352821
2.655000 1.909239589689 0.004543504118
2.662500 1.916692546039 0.006527911341
2.670000 1.924124837564 0.009399824046
2.677500 1.931527173039 0.013565276026
2.685000 1.938885990756 0.019620284098
2.692500 1.946181453574 0.028441885654
2.700000 1.953384482417 0.041324058021
2.707500 1.960452356460 0.060181538980
2.715000 1.967322170262 0.087857136178
2.722500 1.973901075467 0.128588277719
2.730000 1.980051677879 0.188721638794
2.737500 1.985570097894 0.277820417314
2.745000 1.990152849270 0.410405587288
2.752500 1.993346538640 0.608745729856
2.760000 1.994470903510 0.907429557300
2.767500 1.992499957221 1.361058370848
2.775000 1.985876350131 2.057548495468
2.782500 1.972217631579 3.141726164294
2.790000 1.947845282981 4.857928985187
2.797500 1.907022189891 7.627129028571
2.805000 1.840720204469 12.183381327483
2.812500 1.734688445720 19.799942738098
2.820000 1.566727073243 32.613021234007
2.827500 1.304036291580 53.932848107989
2.835000 0.905255394588 88.042405011156
2.842500 0.342892989027 137.901781703392
2.850000 -0.314237060860 196.835183713344
2.857500 -0.706633742757 229.052767308717
2.865000 -0.053289372314 156.566557580359
2.872500 1.641284942243 0.000000000001
2.880000 1.290033571663 26.884303674355
2.887500 1.317420013836 28.805885592991
2.895000 0.971350198846 55.913071927159
2.902500 0.705490800560 77.229163420154
2.910000 0.259856265654 115.267373655666
2.917500 -0.172428990983 151.874850506571
2.925000 -0.390756945030 166.783362744306
2.932500 -0.077684532013 128.437085911430
2.940000 0.597239241638 53.873719596852
2.947500 0.577028758427 48.923235726871
2.955000 0.219725259217 78.687987871925
2.962500 0.012920331772 93.387617355625
2.970000 -0.098586825720 97.814391552213
2.977500 -0.068464749997 88.056015209134
2.985000 0.046392513292 69.810514393359
2.992500 0.100526566727 57.734964735083
3.000000 0.060878329386 55.274901300656
3.007500 0.014585867981 53.683585948390
3.015000 0.000479790441 48.870029181695
3.022500 0.008419596541 41.865704827034
3.030000 0.018291350246 34.788101142801
3.037500 0.022577004938 28.479259046977
3.045000 0.024514644598 22.671428229359
3.052500 0.027064611577 17.110173956935
3.060000 0.030525603450 11.845807996243
3.067500 0.034686375934 7.044895459912
3.075000 0.039613236338 2.926394749258
3.082500 0.045449708147 0.000000000001
3.090000 0.052296605103 0.000000000001
3.097500 0.060122641260 0.667787632714
3.105000 0.067672827705 0.748841942252
3.112500 0.074771948400 0.088547475806
3.120000 0.081807199826 0.000000000001
3.127500 0.089373173006 0.097302805415
3.135000 0.096902664520 0.134757795534
3.142500 0.104318436996 0.038898950173
3.150000 0.111696979947 0.000000000001
3.157500 0.119186787457 0.000000000001
3.165000 0.126698200238 0.010846453594
3.172500 0.134199918021 0.012164446819
3.180000 0.141686069115 0.001439530272
3.187500 0.149171313670 0.000000000001
3.195000 0.156673546682 0.001704863114
3.202500 0.164174454207 0.002293779901
3.210000 0.171671836508 0.000702869055
3.217500 0.179168384368 0.000000000001
3.225000 0.186668048335 0.000000000001
3.232500 0.194168387699 0.000183498413
3.240000 0.201668432236 0.000204275282
3.247500 0.209168071764 0.000035027028
3.255000 0.216667704803 0.000000000001
3.262500 0.224167735953 0.000015531497
3.270000 0.231667760911 0.000026007726
3.277500 0.239167728186 0.000013102214
3.285000 0.246667672229 0.000000000001
3.292500 0.254167652943 0.000000000001
3.300000 0.261667661756 0.000003172160
3.307500 0.269167662794 0.000003504574
3.315000 0.276667654375 0.000000793696
3.322500 0.284167646077 0.000000000001
3.330000 0.291667646191 0.000000063339
3.337500 0.299167646832 0.000000253528
3.345000 0.306667646713 0.000000219709
3.352500 0.314167645972 0.000000021139
3.360000 0.321667645415 0.000000000001
3.367500 0.329167645528 0.000000029816
3.375000 0.336667645559 0.000000037360
3.382500 0.344167645461 0.000000014351
3.390000 0.351667645349 0.000000000001
3.397500 0.359167645327 0.000000000001
3.405000 0.366667645341 0.000000003051
3.412500 0.374167645343 0.000000003330
3.420000 0.381667645331 0.000000001045
3.427500 0.389167645321 0.000000000001
3.435000 0.396667645319 0.000000000001
3.442500 0.404167645321 0.000000000211
3.450000 0.411667645321 0.000000000229
3.457500 0.419167645320 0.000000000079
3.465000 0.426667645319 0.000000000001
3.472500 0.434167645319 0.000000000001
3.480000 0.441667645319 0.000000000015
3.487500 0.449167645319 0.000000000016
3.495000 0.456667645319 0.000000000006
3.502500 0.464167645319 0.000000000001
3.510000 0.471667645319 0.000000000001
3.517500 0.479167645319 0.000000000001
3.525000 0.486667645319 0.000000000001
3.532500 0.494167645319 0.000000000001
3.540000 0.501667645319 0.000000000001
3.547500 0.509167645319 0.000000000001
3.555000 0.516667645319 0.000000000001
3.562500 0.524167645319 0.000000000001
3.570000 0.531667645319 0.000000000001
3.577500 0.539167645319 0.000000000001
3.585000 0.546667645319 0.000000000001
3.592500 0.554167645319 0.000000000001
3.600000 0.561667645319 0.000000000001
3.607500 0.569167645319 0.000000000001
3.615000 0.576667645319 0.000000000001
3.622500 0.584167645319 0.000000000001
3.630000 0.591667645319 0.000000000001
3.637500 0.599167645319 0.000000000001
3.645000 0.606667645319 0.000000000001
3.652500 0.614167645319 0.000000000001
3.660000 0.621667645319 0.000000000001
3.667500 0.629167645319 0.000000000001
3.675000 0.636667645319 0.000000000001
3.682500 0.644167645319 0.000000000001
3.690000 0.651667645319 0.000000000001
3.697500 0.659167645319 0.000000000001
3.705000 0.666667645319 0.000000000001
3.712500 0.674167645319 0.000000000001
3.720000 0.681667645319 0.000000000001
3.727500 0.689167645319 0.000000000001
3.735000 0.696667645319 0.000000000001
3.742500 0.704167645319 0.000000000001
3.750000 0.711667645319 0.000000000001
3.757500 0.719167645319 0.000000000001
3.765000 0.726667645319 0.000000000001
3.772500 0.734167645319 0.000000000001
3.780000 0.741667645319 0.000000000001
3.787500 0.749167645319 0.000000000001
3.795000 0.756667645319 0.000000000001
3.802500 0.764167645319 0.000000000001
3.810000 0.771667645319 0.000000000001
3.817500 0.779167645319 0.000000000001
3.825000 0.786667645319 0.000000000001
3.832500 0.794167645319 0.000000000001
3.840000 0.801667645319 0.000000000001
3.847500 0.809167645319 0.000000000001
3.855000 0.816667645319 0.000000000001
3.862500 0.824167645319 0.000000000001
3.870000 0.831667645319 0.000000000001
3.877500 0.839167645319 0.000000000001
3.885000 0.846667645319 0.000000000001
3.892500 0.854167645319 0.000000000001
3.900000 0.861667645319 0.000000000001
3.907500 0.869167645319 0.000000000001
3.915000 0.876667645319 0.000000000001
3.922500 0.884167645319 0.000000000001
3.930000 0.891667645319 0.000000000001
3.937500 0.899167645318 0.000000000001
3.945000 0.906667645318 0.000000000001
3.952500 0.914167645318 0.000000000001
3.960000 0.921667645318 0.000000000001
3.967500 0.929167645318 0.000000000001
3.975000 0.936667645318 0.000000000001
3.982500 0.944167645318 0.000000000001
3.990000 0.951667645318 0.000000000001
3.997500 0.959167645318 0.000000000001
4.005000 0.966667645318 0.000000000001
4.012500 0.974167645318 0.000000000001
4.020000 0.981667645318 0.000000000001
4.027500 0.989167645318 0.000000000001
4.035000 0.996667645318 0.000000000001
4.042500 1.004167645318 0.000000000001
4.050000 1.011667645318 0.000000000001
4.057500 1.019167645318 0.000000000001
4.065000 1.026667645318 0.000000000001
4.072500 1.034167645318 0.000000000001
4.080000 1.041667645318 0.000000000001
4.087500 1.049167645318 0.000000000001
4.095000 1.056667645318 0.000000000001
4.102500 1.064167645318 0.000000000001
4.110000 1.071667645318 0.000000000001
4.117500 1.079167645318 0.000000000001
4.125000 1.086667645318 0.000000000001
4.132500 1.094167645318 0.000000000001
4.140000 1.101667645318 0.000000000001
4.147500 1.109167645318 0.000000000001
4.155000 1.116667645318 0.000000000001
4.162500 1.124167645318 0.000000000001
4.170000 1.131667645318 0.000000000001
4.177500 1.139167645318 0.000000000001
4.185000 1.146667645318 0.000000000001
4.192500 1.154167645318 0.000000000001
4.200000 1.161667645318 0.000000000001
4.207500 1.169167645318 0.000000000001
4.215000 1.176667645318 0.000000000001
4.222500 1.184167645318 0.000000000001
4.230000 1.191667645318 0.000000000001
4.237500 1.199167645318 0.000000000001
4.245000 1.206667645318 0.000000000002
4.252500 1.214167645318 0.000000000002
4.260000 1.221667645318 0.000000000002
4.267500 1.229167645318 0.000000000002
4.275000 1.236667645318 0.000000000002
4.282500 1.244167645318 0.000000000002
4.290000 1.251667645318 0.000000000003
4.297500 1.259167645318 0.000000000003
4.305000 1.266667645318 0.000000000003
4.312500 1.274167645318 0.000000000003
4.320000 1.281667645318 0.000000000004
4.327500 1.289167645318 0.000000000004
4.335000 1.296667645318 0.000000000005
4.342500 1.304167645318 0.000000000005
4.350000 1.311667645318 0.000000000006
4.357500 1.319167645318 0.000000000007
4.365000 1.326667645318 0.000000000008
4.372500 1.334167645318 0.000000000009
4.380000 1.341667645318 0.000000000011
4.387500 1.349167645317 0.000000000012
4.395000 1.356667645317 0.000000000014
4.402500 1.364167645317 0.000000000017
4.410000 1.371667645317 0.000000000019
4.417500 1.379167645317 0.000000000023
4.425000 1.386667645317 0.000000000027
4.432500 1.394167645316 0.000000000032
4.440000 1.401667645316 0.000000000038
4.447500 1.409167645316 0.000000000045
4.455000 1.416667645315 0.000000000054
4.462500 1.424167645315 0.000000000064
4.470000 1.431667645314 0.000000000077
4.477500 1.439167645314 0.000000000093
4.485000 1.446667645313 0.000000000113
4.492500 1.454167645312 0.000000000138
4.500000 1.461667645310 0.000000000168
4.507500 1.469167645309 0.000000000206
4.515000 1.476667645307 0.000000000253
4.522500 1.484167645305 0.000000000312
4.530000 1.491667645302 0.000000000386
4.537500 1.499167645298 0.000000000479
4.545000 1.506667645294 0.000000000596
4.552500 1.514167645288 0.000000000744
4.560000 1.521667645281 0.000000000932
4.567500 1.529167645272 0.000000001171
4.575000 1.536667645262 0.000000001476
4.582500 1.544167645248 0.000000001866
4.590000 1.551667645230 0.000000002367
4.597500 1.559167645208 0.000000003010
4.605000 1.566667645179 0.000000003840
4.612500 1.574167645143 0.000000004914
4.620000 1.581667645096 0.000000006306
4.627500 1.589167645036 0.000000008116
4.635000 1.596667644959 0.000000010477
4.642500 1.604167644858 0.000000013563
4.650000 1.611667644728 0.000000017608
4.657500 1.619167644559 0.000000022925
4.665000 1.626667644339 0.000000029931
4.672500 1.634167644050 0.000000039188
4.680000 1.641667643672 0.000000051451
4.687500 1.649167643174 0.000000067738
4.695000 1.656667642517 0.000000089424
4.702500 1.664167641648 0.000000118375
4.710000 1.671667640496 0.000000157122
4.717500 1.679167638963 0.000000209112
4.725000 1.686667636919 0.000000279047
4.732500 1.694167634186 0.000000373356
4.740000 1.701667630522 0.000000500851
4.747500 1.709167625598 0.000000673638
4.755000 1.716667618961 0.000000908383
4.762500 1.724167609995 0.000001228086
4.770000 1.731667597849 0.000001664553
4.777500 1.739167581356 0.000002261877
4.785000 1.746667558900 0.000003081308
4.792500 1.754167528250 0.000004208129
4.800000 1.761667486311 0.000005761342
4.807500 1.769167428783 0.000007907367
4.815000 1.776667349677 0.000010879452
4.822500 1.784167240631 0.000015005212
4.830000 1.791667089948 0.000020745816
4.837500 1.799166881224 0.000028751836
4.845000 1.806666591408 0.000039943008
4.852500 1.814166188031 0.000055622388
4.860000 1.821665625263 0.000077640051
4.867500 1.829164838264 0.000108628317
4.875000 1.836663735109 0.000152340429
4.882500 1.844162185182 0.000214139176
4.890000 1.851660002492 0.000301703230
4.897500 1.859156921622 0.000426050287
4.905000 1.866652563006 0.000603022033
4.912500 1.874146382664 0.000855443743
4.920000 1.881637599336 0.001216271325
4.927500 1.889125088595 0.001733186618
4.935000 1.896607228700 0.002475321232
4.942500 1.904081675717 0.003543115517
4.950000 1.911545034789 0.005082805680
4.957500 1.918992378648 0.007307759588
4.965000 1.926416540876 0.010529973839
4.972500 1.933807076431 0.015206691394
4.980000 1.941148729482 0.022009596121
4.987500 1.948419170033 0.031927854148
4.995000 1.955585642644 0.046422150004
5.002500 1.962599991976 0.067656034047
5.010000 1.969391258971 0.098845419279
5.017500 1.975854627581 0.144790514770
5.025000 1.981834864876 0.212693256045
5.032500 1.987101406772 0.313429207625
5.040000 1.991310681732 0.463558443688
5.047500 1.993948770418 0.688568770669
5.055000 1.994243437734 1.028232922025
5.062500 1.991027833162 1.545698152870
5.070000 1.982526776862 2.343335960356
5.077500 1.966017179469 3.591042170096
5.085000 1.937281580129 5.577479973609
5.092500 1.889722286790 8.802497588857
5.100000 1.812936986125 14.138257877516
5.107500 1.690532366796 23.087438459399
5.115000 1.497236497309 38.125191815218
5.122500 1.196893796342 62.936051151268
5.130000 0.748309975856 101.813735980297
5.137500 0.140612268084 156.061501937007
5.145000 -0.493524638134 212.605713373514
5.152500 -0.656632296535 221.843928973527
5.160000 0.443706996764 104.635748798840
5.167500 1.898444781796 0.000000000001
5.175000 0.959428935054 86.002636081864
5.182500 1.200648370952 66.686340711651
5.190000 0.354170538480 141.885905557645
5.197500 -0.269218626007 197.970578531063
5.205000 -0.684188854679 232.335445625530
5.212500 -0.117806491352 168.548345553167
5.220000 1.552964842802 0.000000000001
5.227500 1.342972154951 12.708946916767
5.235000 1.315961606325 19.849991154573
5.242500 1.158767892996 30.115741932529
5.250000 0.955858800707 45.462433473492
5.257500 0.687647668278 66.669712159199
5.265000 0.348146355088 94.462515685618
5.272500 -0.011112064211 123.857822947403
5.280000 -0.256646031361 141.622524150740
5.287500 -0.186171879899 127.638433003869
5.295000 0.208014426929 81.227623852937
5.302500 0.409165602323 54.181811179256
5.310000 0.182178726781 70.335667375428
5.317500 -0.003115656990 82.836499789819
5.325000 -0.081744990123 84.152495053195
5.332500 -0.043821203908 73.698989942153
5.340000 0.038454900937 58.824720149212
5.347500 0.066777211717 49.483699185298
5.355000 0.043168984390 45.591729568048
5.362500 0.021284389331 41.721529498464
5.370000 0.016431270496 36.208779454615
5.377500 0.019942684151 29.962645295174
5.385000 0.023807970572 23.886343308898
5.392500 0.026783136677 18.196202568711
5.400000 0.029997470239 12.866310134394
5.407500 0.033944343418 7.968125535777
5.415000 0.038690485179 3.693267446772
5.422500 0.044327264811 0.350980262428
5.430000 0.050955201572 0.000000000001
5.437500 0.058677202500 0.380961514931
5.445000 0.066248901556 0.529154133335
5.452500 0.073534256103 0.152966904898
5.460000 0.080705852813 0.000000000001
5.467500 0.088174388919 0.000000000001
5.475000 0.095706024784 0.043447553519
5.482500 0.103211222525 0.048875974595
5.490000 0.110669449109 0.004720270429
5.497500 0.118123469414 0.000000000001
5.505000 0.125631617077 0.008231930982
5.512500 0.133134379037 0.010546339204
5.520000 0.140624176306 0.002553830696
5.527500 0.148111299202 0.000000000001
5.535000 0.155611095733 0.000032359044
5.542500 0.163112112082 0.000725063208
5.550000 0.170612201693 0.000774634534
5.557500 0.178111013600 0.000087835940
5.565000 0.185609837656 0.000000000001
5.572500 0.193110028472 0.000108837060
5.580000 0.200610098744 0.000143948776
5.587500 0.208109891826 0.000046007639
5.595000 0.215609629009 0.000000000001
5.602500 0.223109599520 0.000000000001
5.610000 0.230609626449 0.000011540679
5.617500 0.238109629776 0.000012794846
5.625000 0.245609602812 0.000002572263
5.632500 0.253109575861 0.000000000001
5.640000 0.260609577124 0.000000560443
5.647500 0.268109579084 0.000001237353
5.655000 0.275609577810 0.000000822086
5.662500 0.283109574668 0.000000000001
5.670000 0.290609572981 0.000000000001
5.677500 0.298109573618 0.000000190609
5.685000 0.305609573689 0.000000209714
5.692500 0.313109573112 0.000000053809
5.700000 0.320609572552 0.000000000001
5.707500 0.328109572538 0.000000000001
5.715000 0.335609572585 0.000000011909
5.722500 0.343109572590 0.000000013046
5.730000 0.350609572549 0.000000003755
5.737500 0.358109572511 0.000000000001
5.745000 0.365609572508 0.000000000001
5.752500 0.373109572512 0.000000000792
5.760000 0.380609572512 0.000000000863
5.767500 0.388109572509 0.000000000275
5.775000 0.395609572506 0.000000000001
5.782500 0.403109572506 0.000000000001
5.790000 0.410609572506 0.000000000055
5.797500 0.418109572506 0.000000000060
5.805000 0.425609572506 0.000000000021
5.812500 0.433109572506 0.000000000001
5.820000 0.440609572506 0.000000000001
5.827500 0.448109572506 0.000000000004
5.835000 0.455609572506 0.000000000004
5.842500 0.463109572506 0.000000000001
5.850000 0.470609572506 0.000000000001
5.857500 0.478109572506 0.000000000001
5.865000 0.485609572506 0.000000000001
5.872500 0.493109572506 0.000000000001
5.880000 0.500609572506 0.000000000001
5.887500 0.508109572506 0.000000000001
5.895000 0.515609572506 0.000000000001
5.902500 0.523109572506 0.000000000001
5.910000 0.530609572506 0.000000000001
5.917500 0.538109572506 0.000000000001
5.925000 0.545609572506 0.000000000001
5.932500 0.553109572506 0.000000000001
5.940000 0.560609572506 0.000000000001
5.947500 0.568109572506 0.000000000001
5.955000 0.575609572506 0.000000000001
5.962500 0.583109572506 0.000000000001
5.970000 0.590609572506 0.000000000001
5.977500 0.598109572506 0.000000000001
5.985000 0.605609572506 0.000000000001
5.992500 0.613109572506 0.000000000001
6.000000 0.620609572506 0.000000000001
6.007500 0.628109572506 0.000000000001
6.015000 0.635609572506 0.000000000001
6.022500 0.643109572506 0.000000000001
6.030000 0.650609572506 0.000000000001
6.037500 0.658109572506 0.000000000001
6.045000 0.665609572506 0.000000000001
6.052500 0.673109572506 0.000000000001
6.060000 0.680609572506 0.000000000001
6.067500 0.688109572506 0.000000000001
6.075000 0.695609572505 0.000000000001
6.082500 0.703109572505 0.000000000001
6.090000 0.710609572505 0.000000000001
6.097500 0.718109572505 0.000000000001
6.105000 0.725609572505 0.000000000001
6.112500 0.733109572505 0.000000000001
6.120000 0.740609572505 0.000000000001
6.127500 0.748109572505 0.000000000001
6.135000 0.755609572505 0.000000000001
6.142500 0.763109572505 0.000000000001
6.150000 0.770609572505 0.000000000001
6.157500 0.778109572505 0.000000000001
6.165000 0.785609572505 0.000000000001
6.172500 0.793109572505 0.000000000001
6.180000 0.800609572505 0.000000000001
6.187500 0.808109572505 0.000000000001
6.195000 0.815609572505 0.000000000001
6.202500 0.823109572505 0.000000000001
6.210000 0.830609572505 0.000000000001
6.217500 0.838109572505 0.000000000001
6.225000 0.845609572505 0.000000000001
6.232500 0.853109572505 0.000000000001
6.240000 0.860609572505 0.000000000001
6.247500 0.868109572505 0.000000000001
6.255000 0.875609572505 0.000000000001
6.262500 0.883109572505 0.000000000001
6.270000 0.890609572505 0.000000000001
6.277500 0.898109572505 0.000000000001
6.285000 0.905609572505 0.000000000001
6.292500 0.913109572505 0.000000000001
6.300000 0.920609572505 0.000000000001
6.307500 0.928109572505 0.000000000001
6.315000 0.935609572505 0.000000000001
6.322500 0.943109572505 0.000000000001
6.330000 0.950609572505 0.000000000001
6.337500 0.958109572505 0.000000000001
6.345000 0.965609572505 0.000000000001
6.352500 0.973109572505 0.000000000001
6.360000 0.980609572505 0.000000000001
6.367500 0.988109572505 0.000000000001
6.375000 0.995609572505 0.000000000001
6.382500 1.003109572505 0.000000000001
6.390000 1.010609572505 0.000000000001
6.397500 1.018109572505 0.000000000001
6.405000 1.025609572505 0.000000000001
6.412500 1.033109572505 0.000000000001
6.420000 1.040609572505 0.000000000001
6.427500 1.048109572505 0.000000000001
6.435000 1.055609572505 0.000000000001
6.442500 1.063109572505 0.000000000001
6.450000 1.070609572505 0.000000000001
6.457500 1.078109572505 0.000000000001
6.465000 1.085609572505 0.000000000001
6.472500 1.093109572505 0.000000000001
6.480000 1.100609572505 0.000000000001
6.487500 1.108109572505 0.000000000001
6.495000 1.115609572505 0.000000000001
6.502500 1.123109572505 0.000000000001
6.510000 1.130609572505 0.000000000001
6.517500 1.138109572505 0.000000000001
6.525000 1.145609572505 0.000000000001
6.532500 1.153109572505 0.000000000001
6.540000 1.160609572505 0.000000000001
6.547500 1.168109572505 0.000000000001
6.555000 1.175609572505 0.000000000001
6.562500 1.183109572505 0.000000000001
6.570000 1.190609572505 0.000000000001
6.577500 1.198109572505 0.000000000001
6.585000 1.205609572505 0.000000000002
6.592500 1.213109572505 0.000000000002
6.600000 1.220609572505 0.000000000002
6.607500 1.228109572505 0.000000000002
6.615000 1.235609572505 0.000000000002
6.622500 1.243109572505 0.000000000002
6.630000 1.250609572505 0.000000000002
6.637500 1.258109572505 0.000000000003
6.645000 1.265609572505 0.000000000003
6.652500 1.273109572505 0.000000000003
6.660000 1.280609572505 0.000000000004
6.667500 1.288109572505 0.000000000004
6.675000 1.295609572505 0.000000000005
6.682500 1.303109572505 0.000000000005
6.690000 1.310609572505 0.000000000006
6.697500 1.318109572505 0.000000000007
6.705000 1.325609572505 0.000000000008
6.712500 1.333109572504 0.000000000009
6.720000 1.340609572504 0.000000000010
6.727500 1.348109572504 0.000000000012
6.735000 1.355609572504 0.000000000014
6.742500 1.363109572504 0.000000000016
6.750000 1.370609572504 0.000000000019
6.757500 1.378109572504 0.000000000022
6.765000 1.385609572504 0.000000000026
6.772500 1.393109572503 0.000000000031
6.780000 1.400609572503 0.000000000037
6.787500 1.408109572503 0.000000000044
6.795000 1.415609572502 0.000000000052
6.802500 1.423109572502 0.000000000063
6.810000 1.430609572501 0.000000000075
6.817500 1.438109572501 0.000000000091
6.825000 1.445609572500 0.000000000110
6.832500 1.453109572499 0.000000000134
6.840000 1.460609572498 0.000000000164
6.847500 1.468109572496 0.000000000200
6.855000 1.475609572494 0.000000000246
6.862500 1.483109572492 0.000000000303
6.870000 1.490609572489 0.000000000374
6.877500 1.498109572486 0.000000000464
6.885000 1.505609572481 0.000000000578
6.892500 1.513109572476 0.000000000721
6.900000 1.520609572469 0.000000000903
6.907500 1.528109572461 0.000000001134
6.915000 1.535609572450 0.000000001428
6.922500 1.543109572437 0.000000001805
6.930000 1.550609572420 0.000000002288
6.937500 1.558109572398 0.000000002909
6.945000 1.565609572370 0.000000003710
6.952500 1.573109572335 0.000000004745
6.960000 1.580609572290 0.000000006086
6.967500 1.588109572232 0.000000007830
6.975000 1.595609572158 0.000000010103
6.982500 1.603109572061 0.000000013074
6.990000 1.610609571936 0.000000016967
6.997500 1.618109571773 0.000000022081
7.005000 1.625609571561 0.000000028818
7.012500 1.633109571283 0.000000037716
7.020000 1.640609570919 0.000000049498
7.027500 1.648109570440 0.000000065142
7.035000 1.655609569808 0.000000085964
7.042500 1.663109568973 0.000000113752
7.050000 1.670609567866 0.000000150928
7.057500 1.678109566394 0.000000200793
7.065000 1.685609564432 0.000000267845
7.072500 1.693109561809 0.000000358235
7.080000 1.700609558295 0.000000480389
7.087500 1.708109553573 0.000000645880
7.095000 1.715609547212 0.000000870635
7.102500 1.723109538621 0.000001176625
7.110000 1.730609526987 0.000001594231
7.117500 1.738109511194 0.000002165546
7.125000 1.745609489701 0.000002949032
7.132500 1.753109460374 0.000004026061
7.140000 1.760609420261 0.000005510144
7.147500 1.768109365256 0.000007559972
7.155000 1.775609289646 0.000010397889
7.162500 1.783109185454 0.000014336105
7.170000 1.790609041528 0.000019813964
7.177500 1.798108842233 0.000027451063
7.185000 1.805608565602 0.000038123083
7.192500 1.813108180706 0.000053070287
7.200000 1.820607643900 0.000074053070
7.207500 1.828106893457 0.000103575404
7.215000 1.835605841891 0.000145206465
7.222500 1.843104364931 0.000204044524
7.230000 1.850602285673 0.000287387351
7.237500 1.858099351750 0.000405703015
7.245000 1.865595202361 0.000574038504
7.252500 1.873089320580 0.000814067702
7.260000 1.880580964220 0.001157074929
7.267500 1.888069065409 0.001648310233
7.275000 1.895552084436 0.002353360202
7.282500 1.903027796577 0.003367486494
7.290000 1.910492980599 0.004829343972
7.297500 1.917942962602 0.006941177442
7.305000 1.925370946691 0.009998626845
7.312500 1.932767030804 0.014434824131
7.320000 1.940116756499 0.020885818408
7.327500 1.947398967332 0.030287956205
7.335000 1.954582638906 0.044023369404
7.342500 1.961622175283 0.064138326293
7.350000 1.968450411116 0.093672794277
7.357500 1.974968169174 0.137161446952
7.365000 1.981028623915 0.201402403208
7.372500 1.986413791653 0.296651027327
7.380000 1.990799006323 0.438502637095
7.387500 1.993698907943 0.650919709260
7.395000 1.994384684242 0.971214335928
7.402500 1.991756038215 1.458469132487
7.410000 1.984140796074 2.208165878762
7.417500 1.968977102025 3.378229139003
7.425000 1.942302824345 5.236131300839
7.432500 1.897928184706 8.244021248294
7.440000 1.826101777451 13.208220188986
7.447500 1.711441421367 21.522720117067
7.455000 1.530108618213 35.504324158843
7.462500 1.247448466515 58.669917860065
7.470000 0.821892901080 95.338870228998
7.477500 0.233898447504 147.680061482473
7.485000 -0.415601791119 205.799771463171
7.492500 -0.694025860426 226.591384436547
7.500000 0.202997888375 129.724065578676
7.507500 1.821181776860 0.000000000001
7.515000 1.081903699940 65.832320527007
7.522500 1.252497552149 53.588945653083
7.530000 0.520367408500 117.669197668670
7.537500 0.028649309073 160.825486021211
7.545000 -0.477302130361 204.349842206306
7.552500 -0.472784776019 196.836180215566
7.560000 0.559114602072 86.492022889459
7.567500 1.428761103173 0.000000000001
7.575000 0.615376226951 73.632026869261
7.582500 0.815525030749 58.350863431495
7.590000 0.358595218345 94.769725733106
7.597500 -0.014206452537 125.909531667142
7.605000 -0.268044737564 144.453534014492
7.612500 -0.192682667555 129.968837745013
7.620000 0.226183218779 81.079847641989
7.627500 0.437263526371 53.029231891609
7.635000 0.191271957806 71.085644194687
7.642500 -0.000762367533 84.297741355628
7.650000 -0.085338887994 86.187292547992
7.657500 -0.048049032034 75.782601931016
7.665000 0.039762283489 60.335388367454
7.672500 0.071677135561 50.609445564732
7.680000 0.045731179352 46.924829047225
7.687500 0.020717549071 43.343265186243
7.695000 0.014730173476 37.908104232994
7.702500 0.018580852070 31.576870283501
7.710000 0.022883370016 25.390757871487
7.717500 0.025896123215 19.614288161099
7.725000 0.028963090877 14.192990354942
7.732500 0.032738080750 9.167777885948
7.740000 0.037288784453 4.707880858870
7.747500 0.042694049669 1.089186751481
7.755000 0.049066497647 0.000000000001
7.762500 0.056522558284 0.000000000001
7.770000 0.064153344578 0.290791400783
7.777500 0.071676663629 0.327313473023
7.785000 0.078990288328 0.030130909301
7.792500 0.086274466475 0.000000000001
7.800000 0.093812930480 0.055999164826
7.807500 0.101326191176 0.071623848990
7.815000 0.108774519924 0.015741907123
7.822500 0.116207522277 0.000000000001
7.830000 0.123708134954 0.001949510997
7.837500 0.131213252312 0.006568278683
7.845000 0.138711541086 0.005162895769
7.852500 0.146203149484 0.000000000001
7.860000 0.153697292902 0.000000000001
7.867500 0.161199307083 0.001395028554
7.875000 0.168699588180 0.001558708520
7.882500 0.176197316724 0.000226088665
7.890000 0.183694958588 0.000000000001
7.897500 0.191195237539 0.000166705234
7.905000 0.198695389420 0.000244383328
7.912500 0.206195081583 0.000096744242
7.920000 0.213694634711 0.000000000001
7.927500 0.221194540629 0.000000000001
7.935000 0.228694596734 0.000024319533
7.942500 0.236194603686 0.000026968241
7.950000 0.243694547340 0.000005379584
7.957500 0.251194490971 0.000000000001
7.965000 0.258694493728 0.000001225446
7.972500 0.266194497811 0.000002649913
7.980000 0.273694495027 0.000001734038
7.987500 0.281194488356 0.000000000001
7.995000 0.288694484853 0.000000000001
8.002500 0.296194486187 0.000000402988
8.010000 0.303694486337 0.000000443478
8.017500 0.311194485125 0.000000113084
8.025000 0.318694483947 0.000000000001
8.032500 0.326194483919 0.000000000001
8.040000 0.333694484018 0.000000025088
8.047500 0.341194484029 0.000000027490
8.055000 0.348694483944 0.000000007869
8.062500 0.356194483862 0.000000000001
8.070000 0.363694483857 0.000000000001
8.077500 0.371194483864 0.000000001663
8.085000 0.378694483865 0.000000001814
8.092500 0.386194483859 0.000000000576
8.100000 0.393694483853 0.000000000001
8.107500 0.401194483852 0.000000000001
8.115000 0.408694483853 0.000000000116
8.122500 0.416194483853 0.000000000125
8.130000 0.423694483853 0.000000000044
8.137500 0.431194483852 0.000000000001
8.145000 0.438694483852 0.000000000001
8.152500 0.446194483852 0.000000000009
8.160000 0.453694483852 0.000000000009
8.167500 0.461194483852 0.000000000003
8.175000 0.468694483852 0.000000000001
8.182500 0.476194483852 0.000000000001
8.190000 0.483694483852 0.000000000001
8.197500 0.491194483852 0.000000000001
8.205000 0.498694483852 0.000000000001
8.212500 0.506194483852 0.000000000001
8.220000 0.513694483852 0.000000000001
8.227500 0.521194483852 0.000000000001
8.235000 0.528694483852 0.000000000001
8.242500 0.536194483852 0.000000000001
8.250000 0.543694483852 0.000000000001
8.257500 0.551194483852 0.000000000001
8.265000 0.558694483852 0.000000000001
8.272500 0.566194483852 0.000000000001
8.280000 0.573694483852 0.000000000001
8.287500 0.581194483852 0.000000000001
8.295000 0.588694483852 0.000000000001
8.302500 0.596194483852 0.000000000001
8.310000 0.603694483852 0.000000000001
8.317500 0.611194483852 0.000000000001
8.325000 0.618694483852 0.000000000001
8.332500 0.626194483852 0.000000000001
8.340000 0.633694483852 0.000000000001
8.347500 0.641194483852 0.000000000001
8.355000 0.648694483852 0.000000000001
8.362500 0.656194483852 0.000000000001
8.370000 0.663694483852 0.000000000001
8.377500 0.671194483852 0.000000000001
8.385000 0.678694483852 0.000000000001
8.392500 0.686194483852 0.000000000001
8.400000 0.693694483852 0.000000000001
8.407500 0.701194483852 0.000000000001
8.415000 0.708694483852 0.000000000001
8.422500 0.716194483852 0.000000000001
8.430000 0.723694483852 0.000000000001
8.437500 0.731194483852 0.000000000001
8.445000 0.738694483852 0.000000000001
8.452500 0.746194483852 0.000000000001
8.460000 0.753694483852 0.000000000001
8.467500 0.761194483852 0.000000000001
8.475000 0.768694483852 0.000000000001
8.482500 0.776194483852 0.000000000001
8.490000 0.783694483852 0.000000000001
8.497500 0.791194483852 0.000000000001
8.505000 0.798694483852 0.000000000001
8.512500 0.806194483852 0.000000000001
8.520000 0.813694483852 0.000000000001
8.527500 0.821194483852 0.000000000001
8.535000 0.828694483852 0.000000000001
8.542500 0.836194483852 0.000000000001
8.550000 0.843694483852 0.000000000001
8.557500 0.851194483852 0.000000000001
8.565000 0.858694483852 0.000000000001
8.572500 0.866194483852 0.000000000001
8.580000 0.873694483852 0.000000000001
8.587500 0.881194483852 0.000000000001
8.595000 0.888694483852 0.000000000001
8.602500 0.896194483852 0.000000000001
8.610000 0.903694483852 0.000000000001
8.617500 0.911194483852 0.000000000001
8.625000 0.918694483852 0.000000000001
8.632500 0.926194483852 0.000000000001
8.640000 0.933694483852 0.000000000001
8.647500 0.941194483852 0.000000000001
8.655000 0.948694483852 0.000000000001
8.662500 0.956194483852 0.000000000001
8.670000 0.963694483852 0.000000000001
8.677500 0.971194483852 0.000000000001
8.685000 0.978694483852 0.000000000001
8.692500 0.986194483852 0.000000000001
8.700000 0.993694483852 0.000000000001
8.707500 1.001194483852 0.000000000001
8.715000 1.008694483852 0.000000000001
8.722500 1.016194483852 0.000000000001
8.730000 1.023694483852 0.000000000001
8.737500 1.031194483852 0.000000000001
8.745000 1.038694483852 0.000000000001
8.752500 1.046194483852 0.000000000001
8.760000 1.053694483852 0.000000000001
8.767500 1.061194483852 0.000000000001
8.775000 1.068694483852 0.000000000001
8.782500 1.076194483852 0.000000000001
8.790000 1.083694483852 0.000000000001
8.797500 1.091194483852 0.000000000001
8.805000 1.098694483852 0.000000000001
8.812500 1.106194483852 0.000000000001
8.820000 1.113694483852 0.000000000001
8.827500 1.121194483851 0.000000000001
8.835000 1.128694483851 0.000000000001
8.842500 1.136194483851 0.000000000001
8.850000 1.143694483851 0.000000000001
8.857500 1.151194483851 0.000000000001
8.865000 1.158694483851 0.000000000001
8.872500 1.166194483851 0.000000000001
8.880000 1.173694483851 0.000000000001
8.887500 1.181194483851 0.000000000001
8.895000 1.188694483851 0.000000000001
8.902500 1.196194483851 0.000000000001
8.910000 1.203694483851 0.000000000002
8.917500 1.211194483851 0.000000000002
8.925000 1.218694483851 0.000000000002
8.932500 1.226194483851 0.000000000002
8.940000 1.233694483851 0.000000000002
8.947500 1.241194483851 0.000000000002
8.955000 1.248694483851 0.000000000002
8.962500 1.256194483851 0.000000000003
8.970000 1.263694483851 0.000000000003
8.977500 1.271194483851 0.000000000003
8.985000 1.278694483851 0.000000000004
8.992500 1.286194483851 0.000000000004
9.000000 1.293694483851 0.000000000005
9.007500 1.301194483851 0.000000000005
9.015000 1.308694483851 0.000000000006
9.022500 1.316194483851 0.000000000007
9.030000 1.323694483851 0.000000000008
9.037500 1.331194483851 0.000000000009
9.045000 1.338694483851 0.000000000010
9.052500 1.346194483851 0.000000000012
9.060000 1.353694483851 0.000000000013
9.067500 1.361194483850 0.000000000016
9.075000 1.368694483850 0.000000000018
9.082500 1.376194483850 0.000000000021
9.090000 1.383694483850 0.000000000025
9.097500 1.391194483850 0.000000000030
9.105000 1.398694483849 0.000000000035
9.112500 1.406194483849 0.000000000042
9.120000 1.413694483849 0.000000000050
9.127500 1.421194483848 0.000000000060
9.135000 1.428694483848 0.000000000072
9.142500 1.436194483847 0.000000000087
9.150000 1.443694483846 0.000000000105
9.157500 1.451194483845 0.000000000127
9.165000 1.458694483844 0.000000000155
9.172500 1.466194483843 0.000000000190
9.180000 1.473694483841 0.000000000233
9.187500 1.481194483839 0.000000000287
9.195000 1.488694483836 0.000000000354
9.202500 1.496194483833 0.000000000439
9.210000 1.503694483829 0.000000000546
9.217500 1.511194483824 0.000000000681
9.225000 1.518694483817 0.000000000852
9.232500 1.526194483809 0.000000001069
9.240000 1.533694483799 0.000000001346
9.247500 1.541194483787 0.000000001699
9.255000 1.548694483771 0.000000002152
9.262500 1.556194483750 0.000000002734
9.270000 1.563694483725 0.000000003484
9.277500 1.571194483692 0.000000004452
9.285000 1.578694483649 0.000000005707
9.292500 1.586194483595 0.000000007337
9.300000 1.593694483525 0.000000009460
9.307500 1.601194483435 0.000000012232
9.315000 1.608694483318 0.000000015862
9.322500 1.616194483165 0.000000020629
9.330000 1.623694482967 0.000000026903
9.337500 1.631194482708 0.000000035185
9.345000 1.638694482368 0.000000046144
9.352500 1.646194481922 0.000000060685
9.360000 1.653694481334 0.000000080027
9.367500 1.661194480557 0.000000105822
9.375000 1.668694479528 0.000000140310
9.382500 1.676194478160 0.000000186540
9.390000 1.683694476338 0.000000248663
9.397500 1.691194473905 0.000000332356
9.405000 1.698694470646 0.000000445387
9.412500 1.706194466270 0.000000598422
9.420000 1.713694460379 0.000000806130
9.427500 1.721194452428 0.000001088736
9.435000 1.728694441669 0.000001474188
9.442500 1.736194427073 0.000002001188
9.450000 1.743694407220 0.000002723460
9.457500 1.751194380150 0.000003715733
9.465000 1.758694343147 0.000005082197
9.472500 1.766194292439 0.000006968431
9.480000 1.773694222778 0.000009578291
9.487500 1.781194126846 0.000013197867
9.495000 1.788693994411 0.000018229527
9.502500 1.796193811141 0.000025240405
9.510000 1.803693556909 0.000035031598
9.517500 1.811193203394 0.000048737114
9.525000 1.818692710652 0.000067965653
9.532500 1.826192022226 0.000095004178
9.540000 1.833691058137 0.000133110782
9.547500 1.841189704845 0.000186936877
9.555000 1.848687800813 0.000263137021
9.562500 1.856185115719 0.000371251555
9.570000 1.863681320459 0.000524986631
9.577500 1.871175943779 0.000744074294
9.585000 1.878668309433 0.001056980877
9.592500 1.886157444952 0.001504858616
9.600000 1.893641948933 0.002147322904
9.607500 1.901119797583 0.003070916224
9.615000 1.908588062168 0.004401534610
9.622500 1.916042495470 0.006322712071
9.630000 1.923476925298 0.009102587043
9.637500 1.930882363194 0.013133772501
9.645000 1.938245691802 0.018992465631
9.652500 1.945547727529 0.027526352029
9.660000 1.952760354673 0.039985801631
9.667500 1.959842275787 0.058220523216
9.675000 1.966732693660 0.084975912624
9.682500 1.973341890921 0.124342658217
9.690000 1.979537137229 0.182444810091
9.697500 1.985121524083 0.268504699778
9.705000 1.989802027449 0.396515162713
9.712500 1.993141033141 0.587913940837
9.720000 1.994482222130 0.875957619266
9.727500 1.992836215220 1.313062445314
9.735000 1.986702153317 1.983468297696
9.742500 1.973785715651 3.025655859777
9.750000 1.950547497996 4.672777971800
9.757500 1.911472211889 7.325898989451
9.765000 1.847886395361 11.684013811165
9.772500 1.746096664834 18.961271662296
9.780000 1.584723261037 31.203714613535
9.787500 1.331945039853 51.612727365358
9.795000 0.946736554136 84.428967763786
9.802500 0.398359845315 132.934489681624
9.810000 -0.258812883909 191.900348187547
9.817500 -0.700888021935 229.101962589278
9.825000 -0.170902074095 168.959367508370
9.832500 1.517463495549 0.000000000001
9.840000 1.407219852531 2.730679916920
9.847500 1.338310824673 13.587390264892
9.855000 1.324110176939 13.821395451759
9.862500 1.155039739442 25.613255952632
9.870000 1.039057181069 33.353020594716
9.877500 0.799279706633 51.786229759062
9.885000 0.541018753746 71.954839405664
9.892500 0.216057715186 98.128058676282
9.900000 -0.083642131579 121.522082731016
9.907500 -0.224500319058 128.802129114592
9.915000 -0.075991261466 107.033085328750
9.922500 0.227097111979 69.787855581334
9.930000 0.267125811814 58.976529708077
9.937500 0.088193138115 70.500176500526
9.945000 -0.034117975518 76.516658116174
9.952500 -0.057464028707 72.323777854295
9.960000 -0.007486971842 60.744825420155
9.967500 0.040156171448 49.473527246837
9.975000 0.043709276590 42.809053379754
9.982500 0.029298264864 38.191027923133
9.990000 0.022149226883 33.008860676959
9.997500 0.022888106966 27.168670143897
10.005000 0.025858815665 21.316927174553
10.012500 0.028914112481 15.774910039501
10.020000 0.032359580233 10.625846542867
10.027500 0.036565867041 5.985241084527
10.035000 0.041646525254 2.083125216559
10.042500 0.047691524164 0.000000000001
10.050000 0.054803951498 0.000000000001
10.057500 0.062547949730 0.508961250463
10.065000 0.070087742834 0.571574793852
10.072500 0.077269732111 0.061734283931
10.080000 0.084402031107 0.000000000001
10.087500 0.091959545606 0.083482219103
10.095000 0.099482558003 0.111546611166
10.102500 0.106907664019 0.028904588886
10.110000 0.114304809803 0.000000000001
10.117500 0.121800290417 0.000000000001
10.125000 0.129308981385 0.008047487332
10.132500 0.136810282151 0.009023050529
10.140000 0.144299793128 0.001084336188
10.147500 0.151788642154 0.000000000001
10.155000 0.159290304855 0.001243729062
10.162500 0.166790992568 0.001681379385
10.170000 0.174289052424 0.000524873426
10.177500 0.181786481394 0.000000000001
10.185000 0.189286212394 0.000000000001
10.192500 0.196786469681 0.000136645530
10.200000 0.204286503293 0.000152072784
10.207500 0.211786231211 0.000026397066
10.215000 0.219285954622 0.000000000001
10.222500 0.226785977355 0.000011199750
10.230000 0.234285996254 0.000019016452
10.237500 0.241785972455 0.000009766445
10.245000 0.249285931036 0.000000000001
10.252500 0.256785916263 0.000000000001
10.260000 0.264285922904 0.000002357350
10.267500 0.271785923683 0.000002603608
10.275000 0.279285917364 0.000000595258
10.282500 0.286785911142 0.000000000001
10.290000 0.294285911210 0.000000041603
10.297500 0.301785911693 0.000000183193
10.305000 0.309285911620 0.000000162714
10.312500 0.316785911078 0.000000019149
10.320000 0.324285910660 0.000000000001
10.327500 0.331785910731 0.000000018846
10.335000 0.339285910756 0.000000024872
10.342500 0.346785910694 0.000000010498
10.350000 0.354285910619 0.000000000001
10.357500 0.361785910600 0.000000000001
10.365000 0.369285910611 0.000000002224
10.372500 0.376785910612 0.000000002427
10.380000 0.384285910603 0.000000000767
10.387500 0.391785910595 0.000000000001
10.395000 0.399285910594 0.000000000001
10.402500 0.406785910595 0.000000000155
10.410000 0.414285910595 0.000000000167
10.417500 0.421785910595 0.000000000058
10.425000 0.429285910594 0.000000000001
10.432500 0.436785910594 0.000000000001
10.440000 0.444285910594 0.000000000011
10.447500 0.451785910594 0.000000000012
10.455000 0.459285910594 0.000000000004
10.462500 0.466785910594 0.000000000001
10.470000 0.474285910594 0.000000000001
10.477500 0.481785910594 0.000000000001
10.485000 0.489285910594 0.000000000001
10.492500 0.496785910594 0.000000000001
10.500000 0.504285910594 0.000000000001
10.507500 0.511785910594 0.000000000001
10.515000 0.519285910594 0.000000000001
10.522500 0.526785910594 0.000000000001
10.530000 0.534285910594 0.000000000001
10.537500 0.541785910594 0.000000000001
10.545000 0.549285910594 0.000000000001
10.552500 0.556785910594 0.000000000001
10.560000 0.564285910594 0.000000000001
10.567500 0.571785910594 0.000000000001
10.575000 0.579285910594 0.000000000001
10.582500 0.586785910594 0.000000000001
10.590000 0.594285910594 0.000000000001
10.597500 0.601785910594 0.000000000001
10.605000 0.609285910594 0.000000000001
10.612500 0.616785910594 0.000000000001
10.620000 0.624285910594 0.000000000001
10.627500 0.631785910594 0.000000000001
10.635000 0.639285910594 0.000000000001
10.642500 0.646785910594 0.000000000001
10.650000 0.654285910594 0.000000000001
10.657500 0.661785910594 0.000000000001
10.665000 0.669285910594 0.000000000001
10.672500 0.676785910594 0.000000000001
10.680000 0.684285910594 0.000000000001
10.687500 0.691785910594 0.000000000001
10.695000 0.699285910594 0.000000000001
10.702500 0.706785910594 0.000000000001
10.710000 0.714285910594 0.000000000001
10.717500 0.721785910594 0.000000000001
10.725000 0.729285910594 0.000000000001
10.732500 0.736785910594 0.000000000001
10.740000 0.744285910594 0.000000000001
10.747500 0.751785910594 0.000000000001
10.755000 0.759285910594 0.000000000001
10.762500 0.766785910594 0.000000000001
10.770000 0.774285910594 0.000000000001
10.777500 0.781785910594 0.000000000001
10.785000 0.789285910594 0.000000000001
10.792500 0.796785910594 0.000000000001
10.800000 0.804285910594 0.000000000001
10.807500 0.811785910594 0.000000000001
10.815000 0.819285910594 0.000000000001
10.822500 0.826785910594 0.000000000001
10.830000 0.834285910594 0.000000000001
10.837500 0.841785910594 0.000000000001
10.845000 0.849285910594 0.000000000001
10.852500 0.856785910594 0.000000000001
10.860000 0.864285910594 0.000000000001
10.867500 0.871785910594 0.000000000001
10.875000 0.879285910594 0.000000000001
10.882500 0.886785910594 0.000000000001
10.890000 0.894285910594 0.000000000001
10.897500 0.901785910594 0.000000000001
10.905000 0.909285910594 0.000000000001
10.912500 0.916785910594 0.000000000001
10.920000 0.924285910594 0.000000000001
10.927500 0.931785910594 0.000000000001
10.935000 0.939285910594 0.000000000001
10.942500 0.946785910594 0.000000000001
10.950000 0.954285910594 0.000000000001
10.957500 0.961785910594 0.000000000001
10.965000 0.969285910594 0.000000000001
10.972500 0.976785910594 0.000000000001
10.980000 0.984285910594 0.000000000001
10.987500 0.991785910594 0.000000000001
10.995000 0.999285910594 0.000000000001
11.002500 1.006785910594 0.000000000001
11.010000 1.014285910594 0.000000000001
11.017500 1.021785910594 0.000000000001
11.025000 1.029285910594 0.000000000001
11.032500 1.036785910594 0.000000000001
11.040000 1.044285910594 0.000000000001
11.047500 1.051785910594 0.000000000001
11.055000 1.059285910594 0.000000000001
11.062500 1.066785910594 0.000000000001
11.070000 1.074285910594 0.000000000001
11.077500 1.081785910594 0.000000000001
11.085000 1.089285910594 0.000000000001
11.092500 1.096785910594 0.000000000001
11.100000 1.104285910594 0.000000000001
11.107500 1.111785910594 0.000000000001
11.115000 1.119285910594 0.000000000001
11.122500 1.126785910594 0.000000000001
11.130000 1.134285910594 0.000000000001
11.137500 1.141785910593 0.000000000001
11.145000 1.149285910593 0.000000000001
11.152500 1.156785910593 0.000000000001
11.160000 1.164285910593 0.000000000001
11.167500 1.171785910593 0.000000000001
11.175000 1.179285910593 0.000000000001
11.182500 1.186785910593 0.000000000001
11.190000 1.194285910593 0.000000000001
11.197500 1.201785910593 0.000000000001
11.205000 1.209285910593 0.000000000002
11.212500 1.216785910593 0.000000000002
11.220000 1.224285910593 0.000000000002
11.227500 1.231785910593 0.000000000002
11.235000 1.239285910593 0.000000000002
11.242500 1.246785910593 0.000000000002
11.250000 1.254285910593 0.000000000003
11.257500 1.261785910593 0.000000000003
11.265000 1.269285910593 0.000000000003
11.272500 1.276785910593 0.000000000004
11.280000 1.284285910593 0.000000000004
11.287500 1.291785910593 0.000000000004
11.295000 1.299285910593 0.000000000005
11.302500 1.306785910593 0.000000000006
11.310000 1.314285910593 0.000000000006
11.317500 1.321785910593 0.000000000007
11.325000 1.329285910593 0.000000000008
11.332500 1.336785910593 0.000000000010
11.340000 1.344285910593 0.000000000011
11.347500 1.351785910593 0.000000000013
11.355000 1.359285910593 0.000000000015
11.362500 1.366785910592 0.000000000017
11.370000 1.374285910592 0.000000000020
11.377500 1.381785910592 0.000000000024
11.385000 1.389285910592 0.000000000028
11.392500 1.396785910592 0.000000000034
11.400000 1.404285910591 0.000000000040
11.407500 1.411785910591 0.000000000048
11.415000 1.419285910590 0.000000000057
11.422500 1.426785910590 0.000000000069
11.430000 1.434285910589 0.000000000083
11.437500 1.441785910589 0.000000000100
11.445000 1.449285910588 0.000000000121
11.452500 1.456785910587 0.000000000148
11.460000 1.464285910585 0.000000000180
11.467500 1.471785910584 0.000000000221
11.475000 1.479285910581 0.000000000272
11.482500 1.486785910579 0.000000000336
11.490000 1.494285910576 0.000000000416
11.497500 1.501785910572 0.000000000517
11.505000 1.509285910567 0.000000000644
11.512500 1.516785910561 0.000000000805
11.520000 1.524285910554 0.000000001009
11.527500 1.531785910544 0.000000001269
11.535000 1.539285910532 0.000000001601
11.542500 1.546785910517 0.000000002027
11.550000 1.554285910498 0.000000002573
11.557500 1.561785910474 0.000000003276
11.565000 1.569285910443 0.000000004183
11.572500 1.576785910403 0.000000005358
11.580000 1.584285910352 0.000000006883
11.587500 1.591785910287 0.000000008868
11.595000 1.599285910202 0.000000011459
11.602500 1.606785910092 0.000000014849
11.610000 1.614285909950 0.000000019297
11.617500 1.621785909764 0.000000025148
11.625000 1.629285909522 0.000000032866
11.632500 1.636785909205 0.000000043073
11.640000 1.644285908789 0.000000056606
11.647500 1.651785908241 0.000000074596
11.655000 1.659285907517 0.000000098572
11.662500 1.666785906558 0.000000130608
11.670000 1.674285905286 0.000000173522
11.677500 1.681785903592 0.000000231154
11.685000 1.689285901331 0.000000308745
11.692500 1.696785898305 0.000000413471
11.700000 1.704285894245 0.000000555171
11.707500 1.711785888783 0.000000747374
11.715000 1.719285881415 0.000001008722
11.722500 1.726785871451 0.000001364957
11.730000 1.734285857943 0.000001851713
11.737500 1.741785839582 0.000002518418
11.745000 1.749285814563 0.000003433797
11.752500 1.756785780384 0.000004693605
11.760000 1.764285733576 0.000006431567
11.767500 1.771785669313 0.000008834832
11.775000 1.779285580870 0.000012165899
11.782500 1.786785458849 0.000016793754
11.790000 1.794285290094 0.000023238191
11.797500 1.801785056141 0.000032233037
11.805000 1.809284731022 0.000044816506
11.812500 1.816784278134 0.000062460609
11.820000 1.824283645767 0.000087256855
11.827500 1.831782760715 0.000122183282
11.835000 1.839281519103 0.000171489202
11.842500 1.846779773231 0.000241250658
11.850000 1.854277312619 0.000340173964
11.857500 1.861773836680 0.000480760426
11.865000 1.869268915229 0.000680998001
11.872500 1.876761931285 0.000966823207
11.880000 1.884251998086 0.001375711238
11.887500 1.891737838421 0.001961921985
11.895000 1.899217608839 0.002804181583
11.902500 1.906688643004 0.004016954022
11.910000 1.914147076289 0.005767016861
11.917500 1.921587295492 0.008297892847
11.925000 1.929001130568 0.011965948710
11.932500 1.936376664924 0.017293874942
11.940000 1.943696480485 0.025050152017
11.947500 1.950935063191 0.036367537685
11.955000 1.958054958161 0.052920462980
11.962500 1.965001057432 0.077191966421
11.970000 1.971692089323 0.112877916193
11.977500 1.978007897952 0.165504131052
11.985000 1.983770359289 0.243378507003
11.992500 1.988714621484 0.359080129525
12.000000 1.992445523483 0.531828879829
12.007500 1.994371095812 0.791337544549
12.015000 1.993600211880 1.184232973676
12.022500 1.988783381320 1.785056476830
12.030000 1.977861983254 2.715617695473
12.037500 1.957667951286 4.179771611417
12.045000 1.923277297092 6.526462645285
12.052500 1.866962440979 10.362561417534
12.060000 1.776524375682 16.745294377196
12.067500 1.632818904433 27.475879127421
12.075000 1.406843742372 45.442669676808
12.082500 1.059194606433 74.696683469369
12.090000 0.552570949636 119.165210486833
12.097500 -0.092620439079 177.021569878392
12.105000 -0.644453559140 225.250775430535
12.112500 -0.443636177716 198.051138807357
12.120000 1.086377142481 37.858941636163
12.127500 1.752927591816 0.000000000001
12.135000 1.037758798472 65.150727279235
12.142500 1.245447786388 48.771181932916
12.150000 0.547126050532 109.468079375095
12.157500 0.117318386306 146.586192989870
12.165000 -0.375359218588 188.804351386204
12.172500 -0.486840697233 192.936627717503
12.180000 0.271042890829 110.022701032209
12.187500 1.202557355475 9.727810147569
12.195000 0.615699903099 61.123816060524
12.202500 0.618852500634 59.304584725639
12.210000 0.269987527789 86.712719514116
12.217500 -0.011755750613 108.645088877178
12.225000 -0.173325049282 118.054834076133
12.232500 -0.110790266694 104.946088939119
12.240000 0.115174094465 75.462501698039
12.247500 0.210426517441 59.141271381081
12.255000 0.100288231312 63.675309683609
12.262500 -0.003679122185 67.862945300954
12.270000 -0.035326745061 64.629986407429
12.277500 -0.009833525072 55.609984496391
12.285000 0.022679827319 45.955985955070
12.292500 0.031384124933 38.863820971085
12.300000 0.026819473967 33.340347168778
12.307500 0.024265719983 27.828473458897
12.315000 0.025701396138 22.122907048803
12.322500 0.028619086638 16.551483812010
12.330000 0.032036099069 11.333486331010
12.337500 0.036112086639 6.608485109788
12.345000 0.041044522366 2.584033648581
12.352500 0.046938915807 0.000000000001
12.360000 0.053883784522 0.000000000001
12.367500 0.061682079473 0.605448057713
12.375000 0.069228761092 0.679276445398
12.382500 0.076355737949 0.077945263435
12.390000 0.083424479093 0.000000000001
12.397500 0.090987923212 0.092069774647
12.405000 0.098515133544 0.125820652108
12.412500 0.105933765782 0.035009866655
12.420000 0.113318642728 0.000000000001
12.427500 0.120810622180 0.000000000001
12.435000 0.128321052975 0.009750310509
12.442500 0.135822616938 0.010933276020
12.450000 0.143310006516 0.001306905387
12.457500 0.150796589395 0.000000000001
12.465000 0.158298600348 0.001515689800
12.472500 0.165799427023 0.002045669087
12.480000 0.173297076777 0.000634439776
12.487500 0.180793967356 0.000000000001
12.495000 0.188293650017 0.000000000001
12.502500 0.195793959241 0.000165344884
12.510000 0.203293999708 0.000184032738
12.517500 0.210793672155 0.000031797526
12.525000 0.218293338999 0.000000000001
12.532500 0.225793366723 0.000013719412
12.540000 0.233293389446 0.000023170798
12.547500 0.240793360385 0.000011813499
12.555000 0.248293310151 0.000000000001
12.562500 0.255793292464 0.000000000001
12.570000 0.263293300464 0.000002854750
12.577500 0.270793301404 0.000003153323
12.585000 0.278293293780 0.000000718363
12.592500 0.285793286271 0.000000000001
12.600000 0.293293286361 0.000000052886
12.607500 0.300793286943 0.000000224235
12.615000 0.308293286848 0.000000197307
12.622500 0.315793286188 0.000000021621
12.630000 0.323293285682 0.000000000001
12.637500 0.330793285775 0.000000024331
12.645000 0.338293285804 0.000000031438
12.652500 0.345793285724 0.000000012792
12.660000 0.353293285629 0.000000000001
12.667500 0.360793285608 0.000000000001
12.675000 0.368293285620 0.000000002714
12.682500 0.375793285622 0.000000002961
12.690000 0.383293285612 0.000000000934
12.697500 0.390793285602 0.000000000001
12.705000 0.398293285601 0.000000000001
12.712500 0.405793285602 0.000000000188
12.720000 0.413293285602 0.000000000204
12.727500 0.420793285601 0.000000000071
12.735000 0.428293285601 0.000000000001
12.742500 0.435793285600 0.000000000001
12.750000 0.443293285601 0.000000000014
12.757500 0.450793285601 0.000000000014
12.765000 0.458293285600 0.000000000005
12.772500 0.465793285600 0.000000000001
12.780000 0.473293285600 0.000000000001
12.787500 0.480793285600 0.000000000001
12.795000 0.488293285600 0.000000000001
12.802500 0.495793285600 0.000000000001
12.810000 0.503293285600 0.000000000001
12.817500 0.510793285600 0.000000000001
12.825000 0.518293285600 0.000000000001
12.832500 0.525793285600 0.000000000001
12.840000 0.533293285600 0.000000000001
12.847500 0.540793285600 0.000000000001
12.855000 0.548293285600 0.000000000001
12.862500 0.555793285600 0.000000000001
12.870000 0.563293285600 0.000000000001
12.877500 0.570793285600 0.000000000001
12.885000 0.578293285600 0.000000000001
12.892500 0.585793285600 0.000000000001
12.900000 0.593293285600 0.000000000001
12.907500 0.600793285600 0.000000000001
12.915000 0.608293285600 0.000000000001
12.922500 0.615793285600 0.000000000001
12.930000 0.623293285600 0.000000000001
12.937500 0.630793285600 0.000000000001
12.945000 0.638293285600 0.000000000001
12.952500 0.645793285600 0.000000000001
12.960000 0.653293285600 0.000000000001
12.967500 0.660793285600 0.000000000001
12.975000 0.668293285600 0.000000000001
12.982500 0.675793285600 0.000000000001
12.990000 0.683293285600 0.000000000001
12.997500 0.690793285600 0.000000000001
13.005000 0.698293285600 0.000000000001
13.012500 0.705793285600 0.000000000001
13.020000 0.713293285600 0.000000000001
13.027500 0.720793285600 0.000000000001
13.035000 0.728293285600 0.000000000001
13.042500 0.735793285600 0.000000000001
13.050000 0.743293285600 0.000000000001
13.057500 0.750793285600 0.000000000001
13.065000 0.758293285600 0.000000000001
13.072500 0.765793285600 0.000000000001
13.080000 0.773293285600 0.000000000001
13.087500 0.780793285600 0.000000000001
13.095000 0.788293285600 0.000000000001
13.102500 0.795793285600 0.000000000001
13.110000 0.803293285600 0.000000000001
13.117500 0.810793285600 0.000000000001
13.125000 0.818293285600 0.000000000001
13.132500 0.825793285600 0.000000000001
13.140000 0.833293285600 0.000000000001
13.147500 0.840793285600 0.000000000001
13.155000 0.848293285600 0.000000000001
13.162500 0.855793285600 0.000000000001
13.170000 0.863293285600 0.000000000001
13.177500 0.870793285600 0.000000000001
13.185000 0.878293285600 0.000000000001
13.192500 0.885793285600 0.000000000001
13.200000 0.893293285600 0.000000000001
13.207500 0.900793285600 0.000000000001
13.215000 0.908293285600 0.000000000001
13.222500 0.915793285600 0.000000000001
13.230000 0.923293285600 0.000000000001
13.237500 0.930793285600 0.000000000001
13.245000 0.938293285600 0.000000000001
13.252500 0.945793285600 0.000000000001
13.260000 0.953293285600 0.000000000001
13.267500 0.960793285600 0.000000000001
13.275000 0.968293285600 0.000000000001
13.282500 0.975793285600 0.000000000001
13.290000 0.983293285600 0.000000000001
13.297500 0.990793285600 0.000000000001
13.305000 0.998293285600 0.000000000001
13.312500 1.005793285600 0.000000000001
13.320000 1.013293285600 0.000000000001
13.327500 1.020793285600 0.000000000001
13.335000 1.028293285600 0.000000000001
13.342500 1.035793285600 0.000000000001
13.350000 1.043293285600 0.000000000001
13.357500 1.050793285600 0.000000000001
13.365000 1.058293285600 0.000000000001
13.372500 1.065793285600 0.000000000001
13.380000 1.073293285600 0.000000000001
13.387500 1.080793285600 0.000000000001
13.395000 1.088293285600 0.000000000001
13.402500 1.095793285600 0.000000000001
13.410000 1.103293285600 0.000000000001
13.417500 1.110793285600 0.000000000001
13.425000 1.118293285600 0.000000000001
13.432500 1.125793285600 0.000000000001
13.440000 1.133293285600 0.000000000001
13.447500 1.140793285600 0.000000000001
13.455000 1.148293285600 0.000000000001
13.462500 1.155793285600 0.000000000001
13.470000 1.163293285600 0.000000000001
13.477500 1.170793285600 0.000000000001
13.485000 1.178293285600 0.000000000001
13.492500 1.185793285600 0.000000000001
13.500000 1.193293285600 0.000000000001
13.507500 1.200793285600 0.000000000001
13.515000 1.208293285600 0.000000000002
13.522500 1.215793285600 0.000000000002
13.530000 1.223293285600 0.000000000002
13.537500 1.230793285600 0.000000000002
13.545000 1.238293285600 0.000000000002
13.552500 1.245793285600 0.000000000002
13.560000 1.253293285600 0.000000000003
13.567500 1.260793285600 0.000000000003
13.575000 1.268293285600 0.000000000003
13.582500 1.275793285600 0.000000000003
13.590000 1.283293285600 0.000000000004
13.597500 1.290793285600 0.000000000004
13.605000 1.298293285599 0.000000000005
13.612500 1.305793285599 0.000000000006
13.620000 1.313293285599 0.000000000006
13.627500 1.320793285599 0.000000000007
13.635000 1.328293285599 0.000000000008
13.642500 1.335793285599 0.000000000009
13.650000 1.343293285599 0.000000000011
13.657500 1.350793285599 0.000000000013
13.665000 1.358293285599 0.000000000015
13.672500 1.365793285599 0.000000000017
13.680000 1.373293285599 0.000000000020
13.687500 1.380793285598 0.000000000024
13.695000 1.388293285598 0.000000000028
13.702500 1.395793285598 0.000000000033
13.710000 1.403293285598 0.000000000039
13.717500 1.410793285597 0.000000000047
13.725000 1.418293285597 0.000000000056
13.732500 1.425793285596 0.000000000067
13.740000 1.433293285596 0.000000000081
13.747500 1.440793285595 0.000000000097
13.755000 1.448293285594 0.000000000118
13.762500 1.455793285593 0.000000000144
13.770000 1.463293285592 0.000000000176
13.777500 1.470793285590 0.000000000215
13.785000 1.478293285588 0.000000000265
13.792500 1.485793285586 0.000000000327
13.800000 1.493293285583 0.000000000404
13.807500 1.500793285579 0.000000000502
13.815000 1.508293285574 0.000000000625
13.822500 1.515793285568 0.000000000781
13.830000 1.523293285561 0.000000000979
13.837500 1.530793285552 0.000000001231
13.845000 1.538293285540 0.000000001553
13.852500 1.545793285526 0.000000001964
13.860000 1.553293285507 0.000000002493
13.867500 1.560793285484 0.000000003173
13.875000 1.568293285454 0.000000004050
13.882500 1.575793285415 0.000000005185
13.890000 1.583293285366 0.000000006659
13.897500 1.590793285302 0.000000008576
13.905000 1.598293285221 0.000000011077
13.912500 1.605793285115 0.000000014348
13.920000 1.613293284977 0.000000018639
13.927500 1.620793284798 0.000000024282
13.935000 1.628293284564 0.000000031722
13.942500 1.635793284259 0.000000041559
13.950000 1.643293283857 0.000000054596
13.957500 1.650793283328 0.000000071921
13.965000 1.658293282631 0.000000095003
13.972500 1.665793281707 0.000000125833
13.980000 1.673293280481 0.000000167119
13.987500 1.680793278850 0.000000222546
13.995000 1.688293276674 0.000000297144
14.002500 1.695793273763 0.000000397796
14.010000 1.703293269857 0.000000533940
14.017500 1.710793264605 0.000000718546
14.025000 1.718293257524 0.000000969482
14.032500 1.725793247950 0.000001311415
14.040000 1.733293234975 0.000001778479
14.047500 1.740793217345 0.000002418009
14.055000 1.748293193329 0.000003295797
14.062500 1.755793160532 0.000004503489
14.070000 1.763293115631 0.000006169033
14.077500 1.770793054007 0.000008471439
14.085000 1.778292969223 0.000011661720
14.092500 1.785792852288 0.000016092614
14.100000 1.793292690619 0.000022260884
14.107500 1.800792466561 0.000030867643
14.115000 1.808292155291 0.000042904540
14.122500 1.815791721831 0.000059777166
14.130000 1.823291116782 0.000083482096
14.137500 1.830790270225 0.000116861399
14.145000 1.838289082984 0.000163969239
14.152500 1.845787414078 0.000230601013
14.160000 1.853285062657 0.000325058590
14.167500 1.860781741974 0.000459259253
14.175000 1.868277041761 0.000650345886
14.182500 1.875770373772 0.000923029713
14.190000 1.883260892780 0.001313005708
14.197500 1.890747381740 0.001871941977
14.205000 1.898228084523 0.002674783503
14.212500 1.905700461811 0.003830466353
14.220000 1.913160834089 0.005497669058
14.227500 1.920603858511 0.007908021998
14.235000 1.928021760690 0.011400388863
14.242500 1.935403204299 0.016471635385
14.250000 1.942731624081 0.023852035703
14.257500 1.949982762121 0.034617651397
14.265000 1.957121017979 0.050358483291
14.272500 1.964094027995 0.073431310634
14.280000 1.970824592214 0.107342213578
14.287500 1.977198613327 0.157329866525
14.295000 1.983047011644 0.231264078875
14.302500 1.988118488412 0.341048298179
14.310000 1.992038285366 0.504845794749
14.317500 1.994245320575 0.750687607822
14.325000 1.993895555338 1.122465776605
14.332500 1.989711906349 1.690163220517
14.340000 1.979748252107 2.567792321992
14.347500 1.961013359439 3.945556390418
14.355000 1.928864312174 6.148142898945
14.362500 1.876023152687 9.739406894129
14.370000 1.791004550734 15.702535043894
14.377500 1.655749423581 25.720555452937
14.385000 1.442695305206 42.522180382974
14.392500 1.113565491300 70.030317494191
14.400000 0.629000548551 112.370499888757
14.407500 -0.004293322448 169.087727927483
14.415000 -0.595622889018 221.296698383010
14.422500 -0.545700226373 209.202363003427
14.430000 0.841101766045 63.336574761166
14.437500 1.864474064033 0.000000000001
14.445000 0.934930728892 85.672495147468
14.452500 1.192381959304 64.580546285953
14.460000 0.370006435831 137.369389270804
14.467500 -0.224050511081 190.563783192393
14.475000 -0.641038385319 225.142246266856
14.482500 -0.177320411364 171.636191856716
14.490000 1.340809837627 12.634109508738
14.497500 1.315471262789 7.629139626716
14.505000 1.054050805491 30.940184433223
14.512500 1.033919785001 30.965195206326
14.520000 0.732582867297 54.614995733007
14.527500 0.511638568141 71.345720887965
14.535000 0.192195526047 96.834169017465
14.542500 -0.086580962682 118.167858825242
14.550000 -0.204395283176 123.152201823113
14.557500 -0.057719299457 101.584104826083
14.565000 0.204724682692 68.430302386040
14.572500 0.226736048268 59.461339331904
14.580000 0.072614512096 68.519946628407
14.587500 -0.030150662724 72.557945393061
14.595000 -0.044996753620 67.550424493317
14.602500 -0.002007541629 56.720775745067
14.610000 0.034342094108 46.645054583432
14.617500 0.036612335337 40.182622142924
14.625000 0.027109212548 35.140590677156
14.632500 0.023294802579 29.705756499073
14.640000 0.024782654835 23.911761685732
14.647500 0.027701552115 18.232300032053
14.655000 0.030927199924 12.894077701245
14.662500 0.034752559909 8.003690610168
14.670000 0.039409868170 3.733884194356
14.677500 0.044999275583 0.386961766150
14.685000 0.051601891499 0.000000000001
14.692500 0.059314418369 0.346025558770
14.700000 0.066889047811 0.499806170589
14.707500 0.074193524985 0.159428514703
14.715000 0.081379482898 0.000000000001
14.722500 0.088836741392 0.000000000001
14.730000 0.096370009226 0.045222400821
14.737500 0.103875456830 0.050867727475
14.745000 0.111331671379 0.004946881476
14.752500 0.118783521728 0.000000000001
14.760000 0.126292014736 0.008519552004
14.767500 0.133794908644 0.010930287142
14.775000 0.141284295977 0.002666245942
14.782500 0.148770883770 0.000000000001
14.790000 0.156270641239 0.000011890976
14.797500 0.163771703026 0.000731997168
14.805000 0.171271831391 0.000804679098
14.812500 0.178770622774 0.000108913344
14.820000 0.186269390745 0.000000000001
14.827500 0.193769553233 0.000094156134
14.835000 0.201269630799 0.000133040524
14.842500 0.208769453318 0.000049327830
14.850000 0.216269207894 0.000000000001
14.857500 0.223769164132 0.000000000001
14.865000 0.231269193096 0.000012364369
14.872500 0.238769196670 0.000013707030
14.880000 0.246269167698 0.000002763024
14.887500 0.253769138749 0.000000000001
14.895000 0.261269140086 0.000000592676
14.902500 0.268769142193 0.000001318246
14.910000 0.276269140846 0.000000880451
14.917500 0.283769137489 0.000000000001
14.925000 0.291269135673 0.000000000001
14.932500 0.298769136357 0.000000203978
14.940000 0.306269136433 0.000000224406
14.947500 0.313769135814 0.000000057702
14.955000 0.321269135214 0.000000000001
14.962500 0.328769135198 0.000000000001
14.970000 0.336269135249 0.000000012760
14.977500 0.343769135254 0.000000013977
14.985000 0.351269135210 0.000000004031
14.992500 0.358769135169 0.000000000001
