1.000000 0.60931115660810419853988
0.500000 0.06185763842699509851286
0.250000 0.00620950918989238154211
0.125000 0.00042122614389272783342
0.062500 0.00002682212426519114956
0.031250 0.00000168402988953708643
0.015625 0.00000010537097283602748
0.007812 0.00000000658754784055304
0.003906 0.00000000041175796106074
0.001953 0.00000000002575584190367
0.000977 0.00000000000154987134238
0.000488 0.00000000000019495516312
0.000244 0.00000000000009103828802
0.000122 0.00000000000025024426975
0.000061 0.00000000000001509903313
0.000031 0.00000000000062150284919
0.000015 0.00000000000137934108579
0.000008 0.00000000000104605213380
0.000004 0.00000000000832200974799
0.000002 0.00000000000623012752499
0.000001 0.00000000001802336058176
