1 0.02217647852962184584769
2 0.01018581889743835899864
3 0.00490008764763788517982
4 0.00240518349953705579125
5 0.00119175748777972101422
6 0.00059321568491038645377
7 0.00029594764161994246976
8 0.00014780945852715943190
9 0.00007386372422696352302
10 0.00003692162155938261137
11 0.00001845825201679529570
12 0.00000922848650669605419
13 0.00000461408328272794321
14 0.00000230700263353922352
15 0.00000115349050328061864
16 0.00000057674717107714102
17 0.00000028837914295420930
18 0.00000014418421495632217
19 0.00000007209402691499278
20 0.00000003612169247046992
21 0.00000001807731758729503
