1 0.00278096518283582616604
2 0.00067640783665451342799
3 0.00016797790620309838161
4 0.00004192500715588520777
5 0.00001047692203587358151
6 0.00000261896008718620621
7 0.00000065472311855385712
8 0.00000016367973126873991
9 0.00000004091987387822016
10 0.00000001022996992672276
11 0.00000000255747262256634
12 0.00000000063934829652723
13 0.00000000015981721501745
14 0.00000000004021866173431
15 0.00000000000929584187404
16 0.00000000000383887366340
17 0.00000000000383887366340
18 0.00000000001071304156497
19 0.00000000002526495679334
20 0.00000000003294270412013
21 0.00000000003294270412013
