1.000000 0.51812134641030782589155
0.500000 0.08428518278305618949275
0.250000 0.00136723093621315960888
0.125000 0.00001952014020334402744
0.062500 0.00000029569335202594971
0.031250 0.00000000458183002649548
0.015625 0.00000000007143619029648
0.007812 0.00000000000111866071961
0.003906 0.00000000000002553512957
0.001953 0.00000000000002220446049
0.000977 0.00000000000007016609516
0.000488 0.00000000000011546319456
0.000244 0.00000000000008704148513
0.000122 0.00000000000030331293033
0.000061 0.00000000000006061817714
0.000031 0.00000000000071231909260
0.000015 0.00000000000137934108579
0.000008 0.00000000000128852484238
0.000004 0.00000000000929190058230
0.000002 0.00000000000817013123822
0.000001 0.00000000002093347717391
