1.000000 0.54751413914533442195420
0.500000 0.18304990940657606124375
0.250000 0.16244082432468065491094
0.125000 0.09308979651265092414292
0.062500 0.04889539790654406914427
0.031250 0.02496693742879774191579
0.015625 0.01260528763972335042354
0.007812 0.00633213454946091047759
0.003906 0.00317332162806938100630
0.001953 0.00158845974668597733626
0.000977 0.00079467778296393731807
0.000488 0.00039745064158669407561
0.000244 0.00019875323006690592820
0.000122 0.00009938358881900200004
0.000061 0.00004969353769102013985
0.000031 0.00002484720563789011294
0.000015 0.00001242371355747451389
0.000008 0.00000621188657223825658
0.000004 0.00000310594761376847828
0.000002 0.00000155299632442762459
0.000001 0.00000077647702401151264
